object={
	name="steppe_bush_01_generator_0"
	clamp_to_water_level=no
	render_under_water=no
	generated_content=yes
	layer="grass_layer"
	pdxmesh="steppe_bush_01_mesh"
	count=272
	transform="231.285065 0.000000 128.347565 0.000000 0.950040 0.000000 -0.312128 0.552106 0.552106 0.552106
231.285065 0.000000 132.246002 0.000000 0.398306 0.000000 0.917253 0.306504 0.306504 0.306504
231.285065 0.000000 136.144440 0.000000 0.969092 0.000000 -0.246698 0.540917 0.540917 0.540917
235.183502 0.000000 128.347565 0.000000 0.889336 0.000000 0.457255 0.421156 0.421156 0.421156
239.081940 0.000000 128.347565 0.000000 0.253085 0.000000 0.967444 0.282516 0.282516 0.282516
235.183502 0.000000 132.246002 0.000000 0.058061 0.000000 0.998313 0.246028 0.246028 0.246028
239.081940 0.000000 132.246002 0.000000 0.524281 0.000000 -0.851545 0.669163 0.669163 0.669163
242.980377 0.000000 132.246002 0.000000 0.236069 0.000000 0.971736 0.281276 0.281276 0.281276
235.183502 0.000000 136.144440 0.000000 0.044955 0.000000 -0.998989 0.751414 0.751414 0.751414
239.081940 0.000000 136.144440 0.000000 0.132013 0.000000 -0.991248 0.736110 0.736110 0.736110
274.167877 0.000000 124.449135 0.000000 0.446518 0.000000 -0.894775 0.681864 0.681864 0.681864
262.472565 0.000000 147.839752 0.000000 0.999904 0.000000 0.013882 0.497713 0.497713 0.497713
258.574127 0.000000 151.738190 0.000000 0.992374 0.000000 -0.123266 0.520285 0.520285 0.520285
262.472565 0.000000 151.738190 0.000000 0.404193 0.000000 0.914674 0.306855 0.306855 0.306855
258.574127 0.000000 155.636627 0.000000 0.712883 0.000000 -0.701283 0.628060 0.628060 0.628060
262.472565 0.000000 155.636627 0.000000 0.969273 0.000000 0.245986 0.458583 0.458583 0.458583
266.371002 0.000000 143.941315 0.000000 0.997975 0.000000 -0.063607 0.510448 0.510448 0.510448
266.371002 0.000000 147.839752 0.000000 0.427322 0.000000 -0.904100 0.687482 0.687482 0.687482
270.269440 0.000000 147.839752 0.000000 0.998465 0.000000 0.055378 0.490905 0.490905 0.490905
266.371002 0.000000 151.738190 0.000000 0.826051 0.000000 -0.563595 0.599775 0.599775 0.599775
270.269440 0.000000 151.738190 0.000000 0.882160 0.000000 -0.470950 0.580493 0.580493 0.580493
266.371002 0.000000 155.636627 0.000000 0.604463 0.000000 0.796633 0.346978 0.346978 0.346978
270.269440 0.000000 155.636627 0.000000 0.479501 0.000000 -0.877541 0.677091 0.677091 0.677091
262.472565 0.000000 159.535065 0.000000 0.188311 0.000000 -0.982109 0.727609 0.727609 0.727609
266.371002 0.000000 159.535065 0.000000 0.284063 0.000000 -0.958806 0.711364 0.711364 0.711364
270.269440 0.000000 159.535065 0.000000 0.974198 0.000000 0.225695 0.462631 0.462631 0.462631
270.269440 0.000000 175.128815 0.000000 0.986353 0.000000 0.164643 0.472747 0.472747 0.472747
266.371002 0.000000 179.027252 0.000000 0.925659 0.000000 -0.378358 0.564177 0.564177 0.564177
270.269440 0.000000 179.027252 0.000000 0.975904 0.000000 -0.218198 0.537068 0.537068 0.537068
274.167877 0.000000 175.128815 0.000000 0.485813 0.000000 -0.874063 0.675900 0.675900 0.675900
274.167877 0.000000 179.027252 0.000000 0.552115 0.000000 -0.833768 0.665525 0.665525 0.665525
278.066315 0.000000 179.027252 0.000000 0.853359 0.000000 0.521324 0.409639 0.409639 0.409639
266.371002 0.000000 182.925690 0.000000 0.404398 0.000000 0.914583 0.309054 0.309054 0.309054
270.269440 0.000000 182.925690 0.000000 0.229636 0.000000 0.973277 0.273504 0.273504 0.273504
269.083618 0.000000 180.294388 0.000000 0.886307 0.000000 -0.463099 0.581139 0.581139 0.581139
266.371002 0.000000 186.824127 0.000000 0.919199 0.000000 0.393792 0.433055 0.433055 0.433055
270.269440 0.000000 186.824127 0.000000 0.387830 0.000000 0.921731 0.304606 0.304606 0.304606
274.167877 0.000000 182.925690 0.000000 0.778701 0.000000 0.627396 0.386134 0.386134 0.386134
272.982056 0.000000 180.294388 0.000000 0.858103 0.000000 0.513478 0.408794 0.408794 0.408794
278.066315 0.000000 182.925690 0.000000 0.520215 0.000000 -0.854035 0.669315 0.669315 0.669315
274.167877 0.000000 186.824127 0.000000 0.617934 0.000000 -0.786230 0.650196 0.650196 0.650196
278.066315 0.000000 186.824127 0.000000 0.976102 0.000000 -0.217314 0.536095 0.536095 0.536095
301.456940 0.000000 167.331940 0.000000 0.828603 0.000000 -0.559837 0.598277 0.598277 0.598277
301.456940 0.000000 171.230377 0.000000 0.493883 0.000000 -0.869528 0.674368 0.674368 0.674368
305.355377 0.000000 167.331940 0.000000 0.598436 0.000000 -0.801171 0.654854 0.654854 0.654854
309.253815 0.000000 167.331940 0.000000 0.996591 0.000000 -0.082498 0.513815 0.513815 0.513815
305.355377 0.000000 171.230377 0.000000 0.217969 0.000000 -0.975956 0.727677 0.727677 0.727677
309.253815 0.000000 171.230377 0.000000 0.303078 0.000000 0.952966 0.285608 0.285608 0.285608
308.067993 0.000000 168.599075 0.000000 0.847770 0.000000 -0.530364 0.594555 0.594555 0.594555
281.964752 0.000000 182.925690 0.000000 0.915130 0.000000 0.403160 0.431625 0.431625 0.431625
285.863190 0.000000 186.824127 0.000000 0.863497 0.000000 -0.504354 0.586774 0.586774 0.586774
289.761627 0.000000 186.824127 0.000000 0.296107 0.000000 -0.955155 0.708498 0.708498 0.708498
305.355377 0.000000 175.128815 0.000000 0.450529 0.000000 -0.892762 0.682505 0.682505 0.682505
309.253815 0.000000 175.128815 0.000000 0.220622 0.000000 -0.975359 0.727219 0.727219 0.727219
308.067993 0.000000 172.497513 0.000000 0.897406 0.000000 0.441206 0.422997 0.422997 0.422997
309.253815 0.000000 179.027252 0.000000 0.999989 0.000000 0.004680 0.499229 0.499229 0.499229
313.152252 0.000000 167.331940 0.000000 0.754225 0.000000 -0.656616 0.618030 0.618030 0.618030
313.152252 0.000000 171.230377 0.000000 0.006099 0.000000 0.999981 0.234369 0.234369 0.234369
311.966431 0.000000 168.599075 0.000000 0.831093 0.000000 0.556133 0.400621 0.400621 0.400621
317.050690 0.000000 171.230377 0.000000 0.100058 0.000000 -0.994982 0.747816 0.747816 0.747816
313.152252 0.000000 175.128815 0.000000 0.968052 0.000000 -0.250751 0.543503 0.543503 0.543503
311.966431 0.000000 172.497513 0.000000 0.993508 0.000000 0.113759 0.480575 0.480575 0.480575
317.050690 0.000000 175.128815 0.000000 0.470561 0.000000 -0.882367 0.683494 0.683494 0.683494
315.864868 0.000000 172.497513 0.000000 0.054057 0.000000 0.998538 0.240622 0.240622 0.240622
313.152252 0.000000 179.027252 0.000000 0.994924 0.000000 -0.100630 0.516924 0.516924 0.516924
311.966431 0.000000 176.395950 0.000000 0.657842 0.000000 -0.753156 0.643719 0.643719 0.643719
317.050690 0.000000 179.027252 0.000000 0.407314 0.000000 0.913288 0.304552 0.304552 0.304552
315.864868 0.000000 176.395950 0.000000 0.953452 0.000000 -0.301545 0.552384 0.552384 0.552384
320.949127 0.000000 175.128815 0.000000 0.983200 0.000000 -0.182532 0.530475 0.530475 0.530475
320.949127 0.000000 179.027252 0.000000 0.602466 0.000000 0.798144 0.345409 0.345409 0.345409
319.763306 0.000000 176.395950 0.000000 0.731430 0.000000 -0.681917 0.626920 0.626920 0.626920
313.152252 0.000000 182.925690 0.000000 0.208141 0.000000 0.978099 0.275725 0.275725 0.275725
317.050690 0.000000 182.925690 0.000000 0.142685 0.000000 0.989768 0.261203 0.261203 0.261203
317.050690 0.000000 186.824127 0.000000 0.400595 0.000000 0.916255 0.309813 0.309813 0.309813
320.949127 0.000000 182.925690 0.000000 0.776211 0.000000 -0.630473 0.614104 0.614104 0.614104
319.763306 0.000000 180.294388 0.000000 0.317036 0.000000 0.948414 0.289658 0.289658 0.289658
324.847565 0.000000 182.925690 0.000000 0.930373 0.000000 0.366615 0.438150 0.438150 0.438150
320.949127 0.000000 186.824127 0.000000 0.613814 0.000000 0.789450 0.349504 0.349504 0.349504
324.847565 0.000000 186.824127 0.000000 0.814756 0.000000 0.579805 0.397704 0.397704 0.397704
270.269440 0.000000 190.722565 0.000000 0.359787 0.000000 0.933034 0.301819 0.301819 0.301819
274.167877 0.000000 190.722565 0.000000 0.805851 0.000000 -0.592119 0.604018 0.604018 0.604018
270.269440 0.000000 198.519440 0.000000 0.998157 0.000000 0.060677 0.490034 0.490034 0.490034
262.472565 0.000000 210.214752 0.000000 0.995868 0.000000 0.090810 0.484960 0.484960 0.484960
262.472565 0.000000 214.113190 0.000000 0.979644 0.000000 0.200742 0.466319 0.466319 0.466319
262.472565 0.000000 218.011627 0.000000 0.433405 0.000000 -0.901199 0.684261 0.684261 0.684261
266.371002 0.000000 206.316315 0.000000 0.838790 0.000000 -0.544456 0.594507 0.594507 0.594507
270.269440 0.000000 206.316315 0.000000 0.808570 0.000000 0.588400 0.396738 0.396738 0.396738
266.371002 0.000000 210.214752 0.000000 0.104088 0.000000 -0.994568 0.744388 0.744388 0.744388
270.269440 0.000000 210.214752 0.000000 0.121400 0.000000 -0.992604 0.740580 0.740580 0.740580
274.167877 0.000000 206.316315 0.000000 0.219186 0.000000 -0.975683 0.721570 0.721570 0.721570
266.371002 0.000000 214.113190 0.000000 0.992895 0.000000 -0.118990 0.519876 0.519876 0.519876
270.269440 0.000000 214.113190 0.000000 0.293159 0.000000 0.956064 0.289406 0.289406 0.289406
266.371002 0.000000 218.011627 0.000000 0.702065 0.000000 0.712113 0.369418 0.369418 0.369418
270.269440 0.000000 218.011627 0.000000 0.837469 0.000000 -0.546485 0.594904 0.594904 0.594904
274.167877 0.000000 214.113190 0.000000 0.231626 0.000000 0.972805 0.280526 0.280526 0.280526
285.863190 0.000000 190.722565 0.000000 0.731658 0.000000 -0.681672 0.624055 0.624055 0.624055
289.761627 0.000000 190.722565 0.000000 0.142373 0.000000 -0.989813 0.737958 0.737958 0.737958
293.660065 0.000000 190.722565 0.000000 0.774396 0.000000 -0.632701 0.613302 0.613302 0.613302
289.761627 0.000000 194.621002 0.000000 0.758970 0.000000 0.651126 0.381838 0.381838 0.381838
293.660065 0.000000 194.621002 0.000000 0.403571 0.000000 0.914948 0.307462 0.307462 0.307462
289.761627 0.000000 198.519440 0.000000 0.010584 0.000000 -0.999944 0.756106 0.756106 0.756106
293.660065 0.000000 198.519440 0.000000 0.288464 0.000000 0.957491 0.286999 0.286999 0.286999
293.660065 0.000000 202.417877 0.000000 0.416671 0.000000 0.909057 0.311280 0.311280 0.311280
297.558502 0.000000 190.722565 0.000000 0.859215 0.000000 0.511614 0.411842 0.411842 0.411842
297.558502 0.000000 194.621002 0.000000 0.997754 0.000000 0.066980 0.488830 0.488830 0.488830
297.558502 0.000000 198.519440 0.000000 0.329825 0.000000 0.944042 0.294248 0.294248 0.294248
301.456940 0.000000 198.519440 0.000000 0.692309 0.000000 0.721601 0.367678 0.367678 0.367678
297.558502 0.000000 202.417877 0.000000 0.972273 0.000000 -0.233848 0.539186 0.539186 0.539186
301.456940 0.000000 202.417877 0.000000 0.990242 0.000000 -0.139357 0.522950 0.522950 0.522950
293.660065 0.000000 206.316315 0.000000 0.847744 0.000000 -0.530406 0.592819 0.592819 0.592819
293.660065 0.000000 210.214752 0.000000 0.587545 0.000000 0.809191 0.341715 0.341715 0.341715
289.761627 0.000000 214.113190 0.000000 0.957612 0.000000 -0.288060 0.548146 0.548146 0.548146
293.660065 0.000000 214.113190 0.000000 0.965039 0.000000 0.262107 0.454977 0.454977 0.454977
289.761627 0.000000 218.011627 0.000000 0.988532 0.000000 0.151014 0.475022 0.475022 0.475022
293.660065 0.000000 218.011627 0.000000 0.998209 0.000000 -0.059822 0.510087 0.510087 0.510087
292.474243 0.000000 215.380325 0.000000 0.916225 0.000000 0.400664 0.430016 0.430016 0.430016
297.558502 0.000000 206.316315 0.000000 0.827754 0.000000 0.561091 0.400729 0.400729 0.400729
297.558502 0.000000 210.214752 0.000000 0.800012 0.000000 0.599985 0.391562 0.391562 0.391562
301.456940 0.000000 210.214752 0.000000 0.998718 0.000000 0.050627 0.491686 0.491686 0.491686
297.558502 0.000000 214.113190 0.000000 0.999981 0.000000 -0.006126 0.501044 0.501044 0.501044
296.372681 0.000000 211.481888 0.000000 0.999421 0.000000 0.034031 0.494264 0.494264 0.494264
301.456940 0.000000 214.113190 0.000000 0.913666 0.000000 0.406465 0.431029 0.431029 0.431029
297.558502 0.000000 218.011627 0.000000 0.837170 0.000000 -0.546942 0.597522 0.597522 0.597522
296.372681 0.000000 215.380325 0.000000 0.985250 0.000000 -0.171119 0.529301 0.529301 0.529301
301.456940 0.000000 218.011627 0.000000 0.930827 0.000000 -0.365461 0.561412 0.561412 0.561412
270.269440 0.000000 229.706940 0.000000 0.812692 0.000000 0.582693 0.397894 0.397894 0.397894
266.371002 0.000000 233.605377 0.000000 0.064290 0.000000 -0.997931 0.747283 0.747283 0.747283
270.269440 0.000000 233.605377 0.000000 0.901534 0.000000 -0.432708 0.573735 0.573735 0.573735
274.167877 0.000000 233.605377 0.000000 0.228197 0.000000 0.973615 0.279948 0.279948 0.279948
262.472565 0.000000 237.503815 0.000000 0.817645 0.000000 0.575723 0.399297 0.399297 0.399297
266.371002 0.000000 237.503815 0.000000 0.811560 0.000000 0.584269 0.396796 0.396796 0.396796
270.269440 0.000000 237.503815 0.000000 0.591698 0.000000 0.806160 0.343749 0.343749 0.343749
266.371002 0.000000 241.402252 0.000000 0.691026 0.000000 -0.722830 0.633622 0.633622 0.633622
270.269440 0.000000 241.402252 0.000000 0.116520 0.000000 0.993188 0.257697 0.257697 0.257697
274.167877 0.000000 237.503815 0.000000 0.790252 0.000000 0.612783 0.391320 0.391320 0.391320
274.167877 0.000000 241.402252 0.000000 0.895063 0.000000 -0.445940 0.576450 0.576450 0.576450
270.269440 0.000000 245.300690 0.000000 0.285326 0.000000 0.958431 0.288053 0.288053 0.288053
274.167877 0.000000 245.300690 0.000000 0.566008 0.000000 0.824400 0.340313 0.340313 0.340313
289.761627 0.000000 221.910065 0.000000 0.953247 0.000000 -0.302194 0.550392 0.550392 0.550392
293.660065 0.000000 221.910065 0.000000 0.259413 0.000000 0.965766 0.279515 0.279515 0.279515
292.474243 0.000000 219.278763 0.000000 0.686381 0.000000 -0.727242 0.637223 0.637223 0.637223
289.761627 0.000000 225.808502 0.000000 0.997410 0.000000 -0.071924 0.511816 0.511816 0.511816
293.660065 0.000000 225.808502 0.000000 0.004259 0.000000 0.999991 0.239923 0.239923 0.239923
297.558502 0.000000 221.910065 0.000000 0.999199 0.000000 0.040020 0.493279 0.493279 0.493279
296.372681 0.000000 219.278763 0.000000 0.646989 0.000000 0.762499 0.353868 0.353868 0.353868
297.558502 0.000000 225.808502 0.000000 0.632579 0.000000 -0.774495 0.647080 0.647080 0.647080
320.949127 0.000000 190.722565 0.000000 0.084465 0.000000 -0.996426 0.743962 0.743962 0.743962
320.949127 0.000000 194.621002 0.000000 0.881702 0.000000 0.471808 0.419041 0.419041 0.419041
324.847565 0.000000 194.621002 0.000000 0.172794 0.000000 -0.984958 0.730208 0.730208 0.730208
317.050690 0.000000 198.519440 0.000000 0.467455 0.000000 0.884017 0.320646 0.320646 0.320646
317.050690 0.000000 202.417877 0.000000 0.998174 0.000000 0.060404 0.490003 0.490003 0.490003
320.949127 0.000000 198.519440 0.000000 0.064930 0.000000 0.997890 0.248123 0.248123 0.248123
324.847565 0.000000 198.519440 0.000000 0.649265 0.000000 -0.760562 0.642932 0.642932 0.642932
320.949127 0.000000 202.417877 0.000000 0.786528 0.000000 -0.617555 0.611339 0.611339 0.611339
324.847565 0.000000 202.417877 0.000000 0.209517 0.000000 -0.977805 0.724892 0.724892 0.724892
328.746002 0.000000 190.722565 0.000000 0.911063 0.000000 0.412267 0.430247 0.430247 0.430247
332.644440 0.000000 190.722565 0.000000 0.775644 0.000000 -0.631170 0.612976 0.612976 0.612976
328.746002 0.000000 194.621002 0.000000 0.451977 0.000000 0.892030 0.318451 0.318451 0.318451
332.644440 0.000000 194.621002 0.000000 0.888845 0.000000 -0.458208 0.579319 0.579319 0.579319
336.542877 0.000000 190.722565 0.000000 0.803714 0.000000 0.595016 0.395391 0.395391 0.395391
336.542877 0.000000 194.621002 0.000000 0.741518 0.000000 0.670933 0.377438 0.377438 0.377438
340.441315 0.000000 194.621002 0.000000 0.957881 0.000000 0.287164 0.452189 0.452189 0.452189
328.746002 0.000000 198.519440 0.000000 0.994184 0.000000 -0.107698 0.517713 0.517713 0.517713
332.644440 0.000000 198.519440 0.000000 0.836922 0.000000 0.547322 0.404209 0.404209 0.404209
332.644440 0.000000 202.417877 0.000000 0.410090 0.000000 0.912045 0.311518 0.311518 0.311518
336.542877 0.000000 198.519440 0.000000 0.988982 0.000000 -0.148034 0.524760 0.524760 0.524760
340.441315 0.000000 198.519440 0.000000 0.910900 0.000000 -0.412627 0.570615 0.570615 0.570615
336.542877 0.000000 202.417877 0.000000 0.808604 0.000000 -0.588353 0.604823 0.604823 0.604823
340.441315 0.000000 202.417877 0.000000 0.651093 0.000000 -0.758998 0.644148 0.644148 0.644148
317.050690 0.000000 206.316315 0.000000 0.792915 0.000000 0.609332 0.392038 0.392038 0.392038
320.949127 0.000000 206.316315 0.000000 0.979065 0.000000 0.203548 0.466097 0.466097 0.466097
324.847565 0.000000 206.316315 0.000000 0.721179 0.000000 -0.692749 0.625621 0.625621 0.625621
320.949127 0.000000 210.214752 0.000000 0.783397 0.000000 -0.621522 0.610091 0.610091 0.610091
324.847565 0.000000 210.214752 0.000000 0.999948 0.000000 -0.010168 0.501669 0.501669 0.501669
336.542877 0.000000 206.316315 0.000000 0.711303 0.000000 -0.702886 0.628431 0.628431 0.628431
340.441315 0.000000 206.316315 0.000000 0.728884 0.000000 0.684637 0.374803 0.374803 0.374803
344.339752 0.000000 202.417877 0.000000 0.365525 0.000000 -0.930802 0.697166 0.697166 0.697166
344.339752 0.000000 206.316315 0.000000 0.995340 0.000000 -0.096428 0.515974 0.515974 0.515974
348.238190 0.000000 206.316315 0.000000 0.094770 0.000000 0.995499 0.257737 0.257737 0.257737
344.339752 0.000000 210.214752 0.000000 0.585983 0.000000 0.810323 0.344339 0.344339 0.344339
348.238190 0.000000 210.214752 0.000000 0.350818 0.000000 -0.936444 0.702032 0.702032 0.702032
352.136627 0.000000 210.214752 0.000000 0.741413 0.000000 0.671049 0.378331 0.378331 0.378331
348.238190 0.000000 214.113190 0.000000 0.247325 0.000000 0.968933 0.279883 0.279883 0.279883
344.339752 0.000000 218.011627 0.000000 0.485204 0.000000 0.874401 0.325314 0.325314 0.325314
348.238190 0.000000 218.011627 0.000000 0.632227 0.000000 0.774783 0.351738 0.351738 0.351738
352.136627 0.000000 214.113190 0.000000 0.811152 0.000000 0.584836 0.395121 0.395121 0.395121
356.035065 0.000000 214.113190 0.000000 0.498827 0.000000 0.866702 0.326573 0.326573 0.326573
352.136627 0.000000 218.011627 0.000000 0.996442 0.000000 -0.084284 0.514115 0.514115 0.514115
356.035065 0.000000 218.011627 0.000000 0.999352 0.000000 -0.035984 0.505953 0.505953 0.505953
359.933502 0.000000 214.113190 0.000000 0.132720 0.000000 0.991154 0.264007 0.264007 0.264007
359.933502 0.000000 218.011627 0.000000 0.999928 0.000000 -0.011964 0.501979 0.501979 0.501979
340.441315 0.000000 229.706940 0.000000 0.991079 0.000000 -0.133278 0.521942 0.521942 0.521942
340.441315 0.000000 233.605377 0.000000 0.927502 0.000000 0.373819 0.436872 0.436872 0.436872
348.238190 0.000000 221.910065 0.000000 0.534304 0.000000 0.845292 0.332170 0.332170 0.332170
344.339752 0.000000 225.808502 0.000000 0.518696 0.000000 -0.854959 0.668329 0.668329 0.668329
348.238190 0.000000 225.808502 0.000000 0.030332 0.000000 0.999540 0.247137 0.247137 0.247137
352.136627 0.000000 221.910065 0.000000 0.824903 0.000000 0.565274 0.400261 0.400261 0.400261
356.035065 0.000000 221.910065 0.000000 0.340279 0.000000 -0.940325 0.700849 0.700849 0.700849
344.339752 0.000000 229.706940 0.000000 0.558108 0.000000 0.829769 0.338128 0.338128 0.338128
348.238190 0.000000 229.706940 0.000000 0.487889 0.000000 0.872905 0.323831 0.323831 0.323831
344.339752 0.000000 233.605377 0.000000 0.678612 0.000000 0.734497 0.363560 0.363560 0.363560
348.238190 0.000000 233.605377 0.000000 0.504452 0.000000 0.863439 0.328950 0.328950 0.328950
359.933502 0.000000 221.910065 0.000000 0.888133 0.000000 -0.459587 0.578386 0.578386 0.578386
363.831940 0.000000 221.910065 0.000000 0.420680 0.000000 0.907209 0.312720 0.312720 0.312720
359.933502 0.000000 225.808502 0.000000 0.335985 0.000000 -0.941867 0.701598 0.701598 0.701598
363.831940 0.000000 225.808502 0.000000 0.617603 0.000000 0.786490 0.349734 0.349734 0.349734
367.730377 0.000000 225.808502 0.000000 0.978808 0.000000 -0.204782 0.534240 0.534240 0.534240
371.628815 0.000000 225.808502 0.000000 0.974914 0.000000 0.222583 0.463155 0.463155 0.463155
359.933502 0.000000 229.706940 0.000000 0.497253 0.000000 -0.867606 0.672416 0.672416 0.672416
363.831940 0.000000 229.706940 0.000000 0.629766 0.000000 0.776785 0.351762 0.351762 0.351762
363.831940 0.000000 233.605377 0.000000 0.056958 0.000000 0.998377 0.246787 0.246787 0.246787
367.730377 0.000000 229.706940 0.000000 0.125194 0.000000 -0.992132 0.742651 0.742651 0.742651
371.628815 0.000000 229.706940 0.000000 0.997219 0.000000 0.074527 0.487616 0.487616 0.487616
367.730377 0.000000 233.605377 0.000000 0.935048 0.000000 0.354522 0.439381 0.439381 0.439381
371.628815 0.000000 233.605377 0.000000 0.737883 0.000000 0.674929 0.376538 0.376538 0.376538
348.238190 0.000000 237.503815 0.000000 0.645411 0.000000 0.763835 0.356774 0.356774 0.356774
348.238190 0.000000 241.402252 0.000000 0.925447 0.000000 -0.378878 0.563785 0.563785 0.563785
352.136627 0.000000 241.402252 0.000000 0.746350 0.000000 0.665553 0.379098 0.379098 0.379098
356.035065 0.000000 241.402252 0.000000 0.785398 0.000000 -0.618992 0.611228 0.611228 0.611228
348.238190 0.000000 245.300690 0.000000 0.999945 0.000000 -0.010532 0.501742 0.501742 0.501742
348.238190 0.000000 249.199127 0.000000 0.534052 0.000000 0.845452 0.332749 0.332749 0.332749
352.136627 0.000000 245.300690 0.000000 0.999841 0.000000 -0.017833 0.502994 0.502994 0.502994
356.035065 0.000000 245.300690 0.000000 0.524181 0.000000 0.851607 0.327638 0.327638 0.327638
352.136627 0.000000 249.199127 0.000000 0.827483 0.000000 -0.561491 0.600840 0.600840 0.600840
356.035065 0.000000 249.199127 0.000000 0.844157 0.000000 -0.536096 0.597820 0.597820 0.597820
354.849243 0.000000 246.567825 0.000000 0.792220 0.000000 -0.610235 0.611427 0.611427 0.611427
359.933502 0.000000 237.503815 0.000000 0.357311 0.000000 0.933985 0.301382 0.301382 0.301382
363.831940 0.000000 237.503815 0.000000 0.583331 0.000000 -0.812234 0.657974 0.657974 0.657974
359.933502 0.000000 241.402252 0.000000 0.901463 0.000000 0.432855 0.425400 0.425400 0.425400
363.831940 0.000000 241.402252 0.000000 0.649235 0.000000 0.760588 0.356522 0.356522 0.356522
367.730377 0.000000 237.503815 0.000000 0.077509 0.000000 0.996992 0.252097 0.252097 0.252097
371.628815 0.000000 237.503815 0.000000 0.321749 0.000000 0.946825 0.292048 0.292048 0.292048
367.730377 0.000000 241.402252 0.000000 0.988635 0.000000 0.150337 0.475229 0.475229 0.475229
371.628815 0.000000 241.402252 0.000000 0.490556 0.000000 0.871410 0.325660 0.325660 0.325660
359.933502 0.000000 245.300690 0.000000 0.869724 0.000000 -0.493539 0.586981 0.586981 0.586981
363.831940 0.000000 245.300690 0.000000 0.809463 0.000000 -0.587171 0.604579 0.604579 0.604579
359.933502 0.000000 249.199127 0.000000 0.332377 0.000000 0.943147 0.287778 0.287778 0.287778
358.747681 0.000000 246.567825 0.000000 0.973723 0.000000 0.227735 0.460709 0.460709 0.460709
363.831940 0.000000 249.199127 0.000000 0.535866 0.000000 0.844303 0.329969 0.329969 0.329969
367.730377 0.000000 245.300690 0.000000 0.857551 0.000000 0.514398 0.411310 0.411310 0.411310
367.730377 0.000000 249.199127 0.000000 0.437924 0.000000 0.899012 0.314471 0.314471 0.314471
371.628815 0.000000 249.199127 0.000000 0.153376 0.000000 -0.988168 0.732567 0.732567 0.732567
375.527252 0.000000 237.503815 0.000000 0.148970 0.000000 0.988842 0.266701 0.266701 0.266701
348.238190 0.000000 253.097565 0.000000 0.987816 0.000000 0.155627 0.474155 0.474155 0.474155
352.136627 0.000000 253.097565 0.000000 0.970302 0.000000 -0.241896 0.541324 0.541324 0.541324
356.035065 0.000000 253.097565 0.000000 0.719495 0.000000 -0.694498 0.633207 0.633207 0.633207
354.849243 0.000000 250.466263 0.000000 0.823514 0.000000 0.567296 0.396465 0.396465 0.396465
352.136627 0.000000 256.996002 0.000000 0.698812 0.000000 -0.715306 0.631334 0.631334 0.631334
356.035065 0.000000 256.996002 0.000000 0.999126 0.000000 0.041795 0.492955 0.492955 0.492955
354.849243 0.000000 254.364700 0.000000 0.045114 0.000000 -0.998982 0.758053 0.758053 0.758053
359.933502 0.000000 253.097565 0.000000 0.084646 0.000000 0.996411 0.241228 0.241228 0.241228
358.747681 0.000000 250.466263 0.000000 0.598193 0.000000 0.801352 0.338713 0.338713 0.338713
361.597229 0.000000 250.837097 0.000000 0.225237 0.000000 -0.974304 0.733130 0.733130 0.733130
363.831940 0.000000 253.097565 0.000000 0.127010 0.000000 -0.991901 0.747749 0.747749 0.747749
362.646118 0.000000 250.466263 0.000000 0.936274 0.000000 0.351270 0.438395 0.438395 0.438395
359.933502 0.000000 256.996002 0.000000 0.967828 0.000000 -0.251613 0.543020 0.543020 0.543020
358.747681 0.000000 254.364700 0.000000 0.993612 0.000000 -0.112855 0.519482 0.519482 0.519482
363.831940 0.000000 256.996002 0.000000 0.844693 0.000000 -0.535251 0.595532 0.595532 0.595532
362.646118 0.000000 254.364700 0.000000 0.153117 0.000000 0.988208 0.255892 0.255892 0.255892
367.730377 0.000000 253.097565 0.000000 0.452208 0.000000 -0.891913 0.684256 0.684256 0.684256
371.628815 0.000000 253.097565 0.000000 0.951738 0.000000 0.306911 0.448600 0.448600 0.448600
367.730377 0.000000 256.996002 0.000000 0.289071 0.000000 -0.957308 0.716085 0.716085 0.716085
371.628815 0.000000 256.996002 0.000000 0.992510 0.000000 -0.122160 0.520332 0.520332 0.520332
359.933502 0.000000 260.894440 0.000000 0.840124 0.000000 -0.542394 0.594104 0.594104 0.594104
363.831940 0.000000 260.894440 0.000000 0.976787 0.000000 0.214213 0.464158 0.464158 0.464158
362.646118 0.000000 258.263123 0.000000 0.920980 0.000000 0.389609 0.432558 0.432558 0.432558
367.730377 0.000000 260.894440 0.000000 0.261076 0.000000 0.965318 0.283068 0.283068 0.283068
366.544556 0.000000 258.263123 0.000000 0.987574 0.000000 -0.157152 0.526593 0.526593 0.526593
371.628815 0.000000 260.894440 0.000000 0.245749 0.000000 -0.969334 0.720388 0.720388 0.720388
371.628815 0.000000 264.792877 0.000000 0.298864 0.000000 -0.954296 0.708024 0.708024 0.708024
375.527252 0.000000 256.996002 0.000000 0.429190 0.000000 0.903214 0.314269 0.314269 0.314269
375.527252 0.000000 260.894440 0.000000 0.775145 0.000000 -0.631784 0.612680 0.612680 0.612680
"}
