object={
	name="tree_cypress_01_generator_1_0"
	clamp_to_water_level=no
	render_under_water=no
	generated_content=yes
	layer="tree_high_layer"
	pdxmesh="tree_cypress_01_a_mesh"
	count=155
	transform="168.910065 0.000000 120.550697 0.000000 0.998481 0.000000 0.055097 1.000000 1.000000 1.000000
171.083252 0.000000 120.142982 0.000000 0.232182 0.000000 -0.972672 1.000000 1.000000 1.000000
169.032379 0.000000 118.868309 0.000000 0.738989 0.000000 0.673718 1.000000 1.000000 1.000000
170.573807 0.000000 122.188660 0.000000 0.891401 0.000000 0.453215 1.000000 1.000000 1.000000
168.325912 0.000000 120.899719 0.000000 0.987922 0.000000 0.154953 1.000000 1.000000 1.000000
172.808502 0.000000 124.449135 0.000000 0.600555 0.000000 -0.799583 1.000000 1.000000 1.000000
171.622681 0.000000 121.817825 0.000000 0.038330 0.000000 0.999265 1.000000 1.000000 1.000000
174.472244 0.000000 122.188660 0.000000 0.982056 0.000000 -0.188588 1.000000 1.000000 1.000000
171.651550 0.000000 123.472214 0.000000 0.822609 0.000000 0.568608 1.000000 1.000000 1.000000
176.706940 0.000000 124.449135 0.000000 0.244764 0.000000 0.969583 1.000000 1.000000 1.000000
190.575439 0.000000 120.142982 0.000000 0.733960 0.000000 0.679192 1.000000 1.000000 1.000000
192.300690 0.000000 120.550697 0.000000 0.925524 0.000000 -0.378689 1.000000 1.000000 1.000000
194.473877 0.000000 120.142982 0.000000 0.994996 0.000000 0.099912 1.000000 1.000000 1.000000
187.216431 0.000000 121.817825 0.000000 0.662734 0.000000 -0.748855 1.000000 1.000000 1.000000
188.852921 0.000000 121.318748 0.000000 0.124672 0.000000 -0.992198 1.000000 1.000000 1.000000
191.114868 0.000000 121.817825 0.000000 0.397257 0.000000 -0.917707 1.000000 1.000000 1.000000
192.751358 0.000000 121.318748 0.000000 0.962274 0.000000 -0.272084 1.000000 1.000000 1.000000
194.377197 0.000000 120.897377 0.000000 0.146303 0.000000 0.989240 1.000000 1.000000 1.000000
195.013306 0.000000 121.817825 0.000000 0.998797 0.000000 0.049033 1.000000 1.000000 1.000000
206.169189 0.000000 124.041420 0.000000 0.881187 0.000000 0.472768 1.000000 1.000000 1.000000
157.214752 0.000000 128.347565 0.000000 0.766926 0.000000 0.641735 1.000000 1.000000 1.000000
156.028931 0.000000 129.614700 0.000000 0.748655 0.000000 0.662960 1.000000 1.000000 1.000000
158.878494 0.000000 129.985535 0.000000 0.991601 0.000000 0.129336 1.000000 1.000000 1.000000
159.927368 0.000000 129.614700 0.000000 0.648623 0.000000 -0.761110 1.000000 1.000000 1.000000
162.776932 0.000000 129.985535 0.000000 0.794998 0.000000 0.606612 1.000000 1.000000 1.000000
163.825806 0.000000 129.614700 0.000000 0.492657 0.000000 0.870224 1.000000 1.000000 1.000000
171.622681 0.000000 125.716263 0.000000 0.299882 0.000000 -0.953976 1.000000 1.000000 1.000000
173.259171 0.000000 125.217186 0.000000 0.868499 0.000000 0.495691 1.000000 1.000000 1.000000
175.521118 0.000000 125.716263 0.000000 0.445160 0.000000 -0.895451 1.000000 1.000000 1.000000
196.199127 0.000000 136.144440 0.000000 0.452786 0.000000 0.891619 1.000000 1.000000 1.000000
195.013306 0.000000 137.411575 0.000000 0.779886 0.000000 0.625922 1.000000 1.000000 1.000000
197.862869 0.000000 137.782410 0.000000 0.875046 0.000000 0.484040 1.000000 1.000000 1.000000
198.275635 0.000000 136.491119 0.000000 0.737848 0.000000 0.674967 1.000000 1.000000 1.000000
200.097565 0.000000 140.042877 0.000000 0.996352 0.000000 -0.085342 1.000000 1.000000 1.000000
198.911743 0.000000 137.411575 0.000000 0.416130 0.000000 -0.909305 1.000000 1.000000 1.000000
206.169189 0.000000 127.939857 0.000000 0.665910 0.000000 -0.746032 1.000000 1.000000 1.000000
204.118317 0.000000 126.665184 0.000000 0.849211 0.000000 -0.528053 1.000000 1.000000 1.000000
206.708618 0.000000 125.716263 0.000000 0.758441 0.000000 0.651742 1.000000 1.000000 1.000000
206.737488 0.000000 127.370651 0.000000 0.274945 0.000000 0.961460 1.000000 1.000000 1.000000
206.708618 0.000000 129.614700 0.000000 0.352715 0.000000 0.935731 1.000000 1.000000 1.000000
203.996002 0.000000 136.144440 0.000000 0.856043 0.000000 0.516904 1.000000 1.000000 1.000000
190.575439 0.000000 143.533600 0.000000 0.898460 0.000000 -0.439055 1.000000 1.000000 1.000000
192.300690 0.000000 143.941315 0.000000 0.688428 0.000000 -0.725305 1.000000 1.000000 1.000000
192.423004 0.000000 146.157364 0.000000 0.998715 0.000000 0.050677 1.000000 1.000000 1.000000
192.751358 0.000000 144.709381 0.000000 0.588448 0.000000 -0.808535 1.000000 1.000000 1.000000
193.290024 0.000000 147.039902 0.000000 0.713645 0.000000 0.700507 1.000000 1.000000 1.000000
198.372314 0.000000 143.533600 0.000000 0.977739 0.000000 0.209827 1.000000 1.000000 1.000000
201.761307 0.000000 141.680847 0.000000 0.318216 0.000000 -0.948018 1.000000 1.000000 1.000000
198.940613 0.000000 142.964401 0.000000 0.042640 0.000000 -0.999090 1.000000 1.000000 1.000000
201.086899 0.000000 143.141464 0.000000 0.563302 0.000000 -0.826251 1.000000 1.000000 1.000000
196.199127 0.000000 147.839752 0.000000 0.992730 0.000000 0.120362 1.000000 1.000000 1.000000
197.862869 0.000000 145.579285 0.000000 0.167561 0.000000 -0.985862 1.000000 1.000000 1.000000
196.321442 0.000000 146.157364 0.000000 0.055677 0.000000 0.998449 1.000000 1.000000 1.000000
198.071152 0.000000 146.486511 0.000000 0.899961 0.000000 0.435969 1.000000 1.000000 1.000000
198.911743 0.000000 145.208450 0.000000 0.930424 0.000000 0.366486 1.000000 1.000000 1.000000
198.940613 0.000000 146.862839 0.000000 0.773524 0.000000 -0.633767 1.000000 1.000000 1.000000
193.964432 0.000000 149.477722 0.000000 0.995713 0.000000 0.092496 1.000000 1.000000 1.000000
192.300690 0.000000 155.636627 0.000000 0.221938 0.000000 0.975061 1.000000 1.000000 1.000000
196.199127 0.000000 151.738190 0.000000 0.217893 0.000000 -0.975973 1.000000 1.000000 1.000000
195.013306 0.000000 149.106888 0.000000 0.865430 0.000000 0.501029 1.000000 1.000000 1.000000
195.042175 0.000000 150.761276 0.000000 0.855317 0.000000 -0.518106 1.000000 1.000000 1.000000
195.614975 0.000000 148.188782 0.000000 0.452937 0.000000 -0.891542 1.000000 1.000000 1.000000
196.199127 0.000000 155.636627 0.000000 0.241144 0.000000 0.970489 1.000000 1.000000 1.000000
195.013306 0.000000 153.005325 0.000000 0.755476 0.000000 -0.655176 1.000000 1.000000 1.000000
197.862869 0.000000 153.376160 0.000000 0.838067 0.000000 -0.545568 1.000000 1.000000 1.000000
196.649796 0.000000 152.506256 0.000000 0.731002 0.000000 -0.682375 1.000000 1.000000 1.000000
200.097565 0.000000 155.636627 0.000000 0.895295 0.000000 0.445474 1.000000 1.000000 1.000000
210.067627 0.000000 143.533600 0.000000 0.568215 0.000000 -0.822880 1.000000 1.000000 1.000000
208.016754 0.000000 142.258926 0.000000 0.199052 0.000000 0.979989 1.000000 1.000000 1.000000
206.708618 0.000000 145.208450 0.000000 0.986461 0.000000 0.163994 1.000000 1.000000 1.000000
209.558182 0.000000 145.579285 0.000000 0.245245 0.000000 -0.969461 1.000000 1.000000 1.000000
213.966064 0.000000 143.533600 0.000000 0.996702 0.000000 0.081151 1.000000 1.000000 1.000000
211.915192 0.000000 142.258926 0.000000 0.067759 0.000000 -0.997702 1.000000 1.000000 1.000000
210.635925 0.000000 142.964401 0.000000 0.915216 0.000000 -0.402963 1.000000 1.000000 1.000000
210.607056 0.000000 145.208450 0.000000 0.416105 0.000000 0.909316 1.000000 1.000000 1.000000
211.208725 0.000000 144.290344 0.000000 0.157940 0.000000 -0.987449 1.000000 1.000000 1.000000
204.446671 0.000000 148.607819 0.000000 0.771495 0.000000 0.636236 1.000000 1.000000 1.000000
209.558182 0.000000 149.477722 0.000000 0.989376 0.000000 0.145377 1.000000 1.000000 1.000000
207.310287 0.000000 148.188782 0.000000 0.871299 0.000000 0.490752 1.000000 1.000000 1.000000
193.964432 0.000000 157.274597 0.000000 0.427899 0.000000 -0.903827 1.000000 1.000000 1.000000
194.473877 0.000000 159.127350 0.000000 0.276419 0.000000 -0.961037 1.000000 1.000000 1.000000
194.172714 0.000000 158.181824 0.000000 0.403587 0.000000 0.914941 1.000000 1.000000 1.000000
196.199127 0.000000 159.535065 0.000000 0.816900 0.000000 0.576779 1.000000 1.000000 1.000000
198.275635 0.000000 155.983307 0.000000 0.784120 0.000000 0.620609 1.000000 1.000000 1.000000
195.614975 0.000000 159.884094 0.000000 0.779873 0.000000 0.625937 1.000000 1.000000 1.000000
206.169189 0.000000 159.127350 0.000000 0.307911 0.000000 0.951415 1.000000 1.000000 1.000000
206.169189 0.000000 163.025787 0.000000 0.892825 0.000000 -0.450405 1.000000 1.000000 1.000000
322.612854 0.000000 52.016788 0.000000 0.423788 0.000000 -0.905761 1.000000 1.000000 1.000000
324.969879 0.000000 52.594868 0.000000 0.483579 0.000000 -0.875301 1.000000 1.000000 1.000000
321.938477 0.000000 57.375839 0.000000 0.915308 0.000000 0.402756 1.000000 1.000000 1.000000
320.949127 0.000000 62.074131 0.000000 0.202424 0.000000 -0.979298 1.000000 1.000000 1.000000
323.661743 0.000000 59.442825 0.000000 0.999994 0.000000 0.003555 1.000000 1.000000 1.000000
358.208252 0.000000 46.072670 0.000000 0.902532 0.000000 -0.430622 1.000000 1.000000 1.000000
359.933502 0.000000 46.480381 0.000000 0.073371 0.000000 -0.997305 1.000000 1.000000 1.000000
362.106689 0.000000 46.072670 0.000000 0.982429 0.000000 -0.186639 1.000000 1.000000 1.000000
363.831940 0.000000 46.480381 0.000000 0.674594 0.000000 0.738189 1.000000 1.000000 1.000000
358.111572 0.000000 46.827061 0.000000 0.837083 0.000000 -0.547076 1.000000 1.000000 1.000000
356.035065 0.000000 54.277256 0.000000 0.548686 0.000000 0.836029 1.000000 1.000000 1.000000
358.747681 0.000000 47.747513 0.000000 0.835660 0.000000 -0.549248 1.000000 1.000000 1.000000
362.646118 0.000000 47.747513 0.000000 0.949430 0.000000 -0.313978 1.000000 1.000000 1.000000
363.954254 0.000000 48.696430 0.000000 0.249324 0.000000 0.968420 1.000000 1.000000 1.000000
359.933502 0.000000 54.277256 0.000000 0.999458 0.000000 0.032933 1.000000 1.000000 1.000000
358.747681 0.000000 51.645950 0.000000 0.028311 0.000000 -0.999599 1.000000 1.000000 1.000000
358.776550 0.000000 53.300343 0.000000 0.960689 0.000000 0.277626 1.000000 1.000000 1.000000
359.933502 0.000000 62.074131 0.000000 0.374563 0.000000 0.927201 1.000000 1.000000 1.000000
319.223877 0.000000 69.463295 0.000000 0.363242 0.000000 -0.931695 1.000000 1.000000 1.000000
322.612854 0.000000 63.712101 0.000000 0.803159 0.000000 -0.595765 1.000000 1.000000 1.000000
320.949127 0.000000 69.871010 0.000000 0.505508 0.000000 -0.862822 1.000000 1.000000 1.000000
317.050690 0.000000 73.769447 0.000000 0.992209 0.000000 0.124583 1.000000 1.000000 1.000000
318.714417 0.000000 71.508972 0.000000 0.166383 0.000000 -0.986061 1.000000 1.000000 1.000000
319.127197 0.000000 70.217690 0.000000 0.688643 0.000000 0.725100 1.000000 1.000000 1.000000
336.542877 0.000000 65.972572 0.000000 0.676824 0.000000 -0.736144 1.000000 1.000000 1.000000
335.385925 0.000000 84.487839 0.000000 0.092220 0.000000 0.995739 1.000000 1.000000 1.000000
330.919189 0.000000 88.955482 0.000000 0.952631 0.000000 -0.304128 1.000000 1.000000 1.000000
334.308167 0.000000 87.102722 0.000000 0.087803 0.000000 0.996138 1.000000 1.000000 1.000000
330.409729 0.000000 91.001160 0.000000 0.863568 0.000000 0.504232 1.000000 1.000000 1.000000
330.822510 0.000000 89.709877 0.000000 0.964141 0.000000 -0.265390 1.000000 1.000000 1.000000
331.458618 0.000000 90.630325 0.000000 0.993910 0.000000 -0.110198 1.000000 1.000000 1.000000
335.357056 0.000000 86.731888 0.000000 0.403604 0.000000 -0.914934 1.000000 1.000000 1.000000
358.208252 0.000000 65.564857 0.000000 0.917598 0.000000 -0.397510 1.000000 1.000000 1.000000
358.111572 0.000000 66.319252 0.000000 0.981837 0.000000 0.189726 1.000000 1.000000 1.000000
348.238190 0.000000 73.769447 0.000000 0.008946 0.000000 0.999960 1.000000 1.000000 1.000000
348.238190 0.000000 77.667885 0.000000 0.173407 0.000000 -0.984850 1.000000 1.000000 1.000000
349.901917 0.000000 75.407410 0.000000 0.888655 0.000000 -0.458577 1.000000 1.000000 1.000000
350.411377 0.000000 77.260170 0.000000 0.015217 0.000000 0.999884 1.000000 1.000000 1.000000
348.688843 0.000000 74.537498 0.000000 0.945588 0.000000 0.325366 1.000000 1.000000 1.000000
354.309814 0.000000 73.361732 0.000000 0.955495 0.000000 0.295007 1.000000 1.000000 1.000000
350.950806 0.000000 75.036575 0.000000 0.150165 0.000000 0.988661 1.000000 1.000000 1.000000
358.747681 0.000000 63.341263 0.000000 0.288554 0.000000 0.957464 1.000000 1.000000 1.000000
361.597229 0.000000 63.712101 0.000000 0.971816 0.000000 -0.235742 1.000000 1.000000 1.000000
359.933502 0.000000 69.871010 0.000000 0.473688 0.000000 0.880692 1.000000 1.000000 1.000000
358.747681 0.000000 67.239700 0.000000 0.749390 0.000000 -0.662129 1.000000 1.000000 1.000000
354.213135 0.000000 78.014565 0.000000 0.270480 0.000000 -0.962726 1.000000 1.000000 1.000000
356.035065 0.000000 81.566322 0.000000 0.998049 0.000000 -0.062438 1.000000 1.000000 1.000000
354.849243 0.000000 78.935013 0.000000 0.748500 0.000000 -0.663135 1.000000 1.000000 1.000000
355.450897 0.000000 78.016907 0.000000 0.686502 0.000000 0.727128 1.000000 1.000000 1.000000
359.933502 0.000000 81.566322 0.000000 0.999560 0.000000 -0.029676 1.000000 1.000000 1.000000
369.394104 0.000000 87.102722 0.000000 0.936278 0.000000 -0.351261 1.000000 1.000000 1.000000
369.903564 0.000000 88.955482 0.000000 0.039707 0.000000 -0.999211 1.000000 1.000000 1.000000
370.442993 0.000000 86.731888 0.000000 0.383489 0.000000 0.923545 1.000000 1.000000 1.000000
373.802002 0.000000 88.955482 0.000000 0.586200 0.000000 -0.810167 1.000000 1.000000 1.000000
371.751129 0.000000 87.680809 0.000000 0.992773 0.000000 -0.120009 1.000000 1.000000 1.000000
336.542877 0.000000 101.058510 0.000000 0.414809 0.000000 0.909908 1.000000 1.000000 1.000000
338.206604 0.000000 98.798035 0.000000 0.329462 0.000000 0.944169 1.000000 1.000000 1.000000
338.716064 0.000000 100.650795 0.000000 0.991024 0.000000 0.133681 1.000000 1.000000 1.000000
339.284363 0.000000 100.081589 0.000000 0.866399 0.000000 0.499353 1.000000 1.000000 1.000000
339.857147 0.000000 97.509094 0.000000 0.932618 0.000000 -0.360864 1.000000 1.000000 1.000000
338.206604 0.000000 102.696472 0.000000 0.968698 0.000000 -0.248241 1.000000 1.000000 1.000000
339.255493 0.000000 102.325638 0.000000 0.781553 0.000000 0.623839 1.000000 1.000000 1.000000
339.284363 0.000000 103.980026 0.000000 0.835567 0.000000 -0.549389 1.000000 1.000000 1.000000
358.208252 0.000000 112.346107 0.000000 0.710642 0.000000 0.703553 1.000000 1.000000 1.000000
357.024414 0.000000 111.953964 0.000000 0.736029 0.000000 -0.676950 1.000000 1.000000 1.000000
356.035065 0.000000 116.652260 0.000000 0.386275 0.000000 -0.922383 1.000000 1.000000 1.000000
361.597229 0.000000 110.493347 0.000000 0.137163 0.000000 0.990548 1.000000 1.000000 1.000000
358.776550 0.000000 115.675339 0.000000 0.762086 0.000000 -0.647476 1.000000 1.000000 1.000000
"}
object={
	name="tree_cypress_01_generator_1_1"
	clamp_to_water_level=no
	render_under_water=no
	generated_content=yes
	layer="tree_high_layer"
	pdxmesh="tree_cypress_01_b_mesh"
	count=86
	transform="169.899399 0.000000 119.750839 0.000000 0.990370 0.000000 0.138449 1.000000 1.000000 1.000000
169.360733 0.000000 121.318748 0.000000 0.584214 0.000000 0.811600 1.000000 1.000000 1.000000
170.986572 0.000000 120.897377 0.000000 0.373540 0.000000 0.927614 1.000000 1.000000 1.000000
170.782089 0.000000 123.095886 0.000000 0.999562 0.000000 0.029588 1.000000 1.000000 1.000000
174.981689 0.000000 124.041420 0.000000 0.885688 0.000000 0.464281 1.000000 1.000000 1.000000
172.930817 0.000000 122.766747 0.000000 0.056451 0.000000 0.998405 1.000000 1.000000 1.000000
173.797836 0.000000 123.649277 0.000000 0.752709 0.000000 0.658353 1.000000 1.000000 1.000000
193.964432 0.000000 118.290222 0.000000 0.537593 0.000000 -0.843204 1.000000 1.000000 1.000000
207.894440 0.000000 124.449135 0.000000 0.802518 0.000000 -0.596627 1.000000 1.000000 1.000000
157.337067 0.000000 126.665184 0.000000 0.545733 0.000000 0.837959 1.000000 1.000000 1.000000
159.291260 0.000000 128.694244 0.000000 0.993470 0.000000 0.114089 1.000000 1.000000 1.000000
161.563858 0.000000 129.115631 0.000000 0.369673 0.000000 -0.929162 1.000000 1.000000 1.000000
172.224350 0.000000 124.798157 0.000000 0.977197 0.000000 0.212335 1.000000 1.000000 1.000000
198.372314 0.000000 139.635162 0.000000 0.822183 0.000000 -0.569223 1.000000 1.000000 1.000000
201.761307 0.000000 137.782410 0.000000 0.961337 0.000000 -0.275375 1.000000 1.000000 1.000000
202.174072 0.000000 136.491119 0.000000 0.398291 0.000000 -0.917259 1.000000 1.000000 1.000000
206.072510 0.000000 124.795815 0.000000 0.879620 0.000000 -0.475678 1.000000 1.000000 1.000000
207.894440 0.000000 128.347565 0.000000 0.985885 0.000000 -0.167424 1.000000 1.000000 1.000000
204.446671 0.000000 129.115631 0.000000 0.618649 0.000000 -0.785667 1.000000 1.000000 1.000000
192.300690 0.000000 147.839752 0.000000 0.907225 0.000000 -0.420646 1.000000 1.000000 1.000000
191.114868 0.000000 145.208450 0.000000 0.003689 0.000000 0.999993 1.000000 1.000000 1.000000
198.071152 0.000000 142.588074 0.000000 0.706734 0.000000 0.707479 1.000000 1.000000 1.000000
198.372314 0.000000 147.432037 0.000000 0.968428 0.000000 0.249295 1.000000 1.000000 1.000000
199.513412 0.000000 144.290344 0.000000 0.402149 0.000000 -0.915574 1.000000 1.000000 1.000000
192.300690 0.000000 151.738190 0.000000 0.143586 0.000000 0.989638 1.000000 1.000000 1.000000
194.473877 0.000000 151.330475 0.000000 0.478144 0.000000 -0.878281 1.000000 1.000000 1.000000
197.862869 0.000000 149.477722 0.000000 0.650930 0.000000 0.759138 1.000000 1.000000 1.000000
198.372314 0.000000 155.228912 0.000000 0.539945 0.000000 -0.841700 1.000000 1.000000 1.000000
196.321442 0.000000 153.954239 0.000000 0.168192 0.000000 0.985754 1.000000 1.000000 1.000000
207.894440 0.000000 147.839752 0.000000 0.697379 0.000000 0.716702 1.000000 1.000000 1.000000
208.345108 0.000000 144.709381 0.000000 0.910261 0.000000 -0.414035 1.000000 1.000000 1.000000
211.792877 0.000000 143.941315 0.000000 0.114928 0.000000 0.993374 1.000000 1.000000 1.000000
206.708618 0.000000 149.106888 0.000000 0.177132 0.000000 0.984187 1.000000 1.000000 1.000000
208.345108 0.000000 148.607819 0.000000 0.106120 0.000000 0.994353 1.000000 1.000000 1.000000
194.377197 0.000000 159.881744 0.000000 0.032143 0.000000 -0.999483 1.000000 1.000000 1.000000
195.013306 0.000000 156.903763 0.000000 0.949935 0.000000 0.312448 1.000000 1.000000 1.000000
198.911743 0.000000 160.802200 0.000000 0.576415 0.000000 -0.817157 1.000000 1.000000 1.000000
207.894440 0.000000 159.535065 0.000000 0.974707 0.000000 0.223486 1.000000 1.000000 1.000000
206.708618 0.000000 160.802200 0.000000 0.333943 0.000000 0.942593 1.000000 1.000000 1.000000
205.659744 0.000000 165.071472 0.000000 0.997608 0.000000 0.069124 1.000000 1.000000 1.000000
204.118317 0.000000 165.649551 0.000000 0.213145 0.000000 -0.977021 1.000000 1.000000 1.000000
207.894440 0.000000 167.331940 0.000000 0.775450 0.000000 0.631409 1.000000 1.000000 1.000000
322.612854 0.000000 55.915226 0.000000 0.735453 0.000000 -0.677576 1.000000 1.000000 1.000000
321.399780 0.000000 55.045311 0.000000 0.504864 0.000000 -0.863199 1.000000 1.000000 1.000000
323.661743 0.000000 55.544388 0.000000 0.124851 0.000000 0.992176 1.000000 1.000000 1.000000
323.122314 0.000000 61.666420 0.000000 0.634416 0.000000 0.772992 1.000000 1.000000 1.000000
322.821136 0.000000 60.720890 0.000000 0.995872 0.000000 0.090773 1.000000 1.000000 1.000000
323.690613 0.000000 61.097218 0.000000 0.005151 0.000000 0.999987 1.000000 1.000000 1.000000
332.644440 0.000000 62.074131 0.000000 0.371134 0.000000 -0.928579 1.000000 1.000000 1.000000
323.025635 0.000000 62.420811 0.000000 0.907796 0.000000 -0.419412 1.000000 1.000000 1.000000
323.661743 0.000000 63.341263 0.000000 0.561674 0.000000 -0.827358 1.000000 1.000000 1.000000
319.763306 0.000000 71.138138 0.000000 0.580681 0.000000 0.814131 1.000000 1.000000 1.000000
321.399780 0.000000 70.639061 0.000000 0.119369 0.000000 -0.992850 1.000000 1.000000 1.000000
332.644440 0.000000 85.464760 0.000000 0.891245 0.000000 -0.453521 1.000000 1.000000 1.000000
328.746002 0.000000 89.363197 0.000000 0.540116 0.000000 -0.841591 1.000000 1.000000 1.000000
330.618011 0.000000 88.009949 0.000000 0.606899 0.000000 -0.794779 1.000000 1.000000 1.000000
332.766754 0.000000 87.680809 0.000000 0.920768 0.000000 -0.390111 1.000000 1.000000 1.000000
331.487488 0.000000 88.386276 0.000000 0.175661 0.000000 -0.984451 1.000000 1.000000 1.000000
348.360504 0.000000 75.985497 0.000000 0.412423 0.000000 0.910992 1.000000 1.000000 1.000000
350.314697 0.000000 74.116127 0.000000 0.908201 0.000000 0.418535 1.000000 1.000000 1.000000
354.878113 0.000000 72.792526 0.000000 0.999915 0.000000 -0.013024 1.000000 1.000000 1.000000
358.776550 0.000000 64.995651 0.000000 0.015962 0.000000 -0.999873 1.000000 1.000000 1.000000
359.349335 0.000000 66.321594 0.000000 0.475399 0.000000 0.879771 1.000000 1.000000 1.000000
357.698792 0.000000 83.204285 0.000000 0.993972 0.000000 0.109630 1.000000 1.000000 1.000000
366.005127 0.000000 88.955482 0.000000 0.986847 0.000000 -0.161658 1.000000 1.000000 1.000000
368.181030 0.000000 86.232811 0.000000 0.953144 0.000000 0.302517 1.000000 1.000000 1.000000
371.628815 0.000000 89.363197 0.000000 0.131098 0.000000 -0.991369 1.000000 1.000000 1.000000
369.806885 0.000000 89.709877 0.000000 0.999822 0.000000 -0.018857 1.000000 1.000000 1.000000
338.716064 0.000000 96.752357 0.000000 0.743265 0.000000 -0.668997 1.000000 1.000000 1.000000
339.284363 0.000000 96.183151 0.000000 0.390988 0.000000 0.920396 1.000000 1.000000 1.000000
338.619385 0.000000 97.506752 0.000000 0.677584 0.000000 -0.735446 1.000000 1.000000 1.000000
338.619385 0.000000 101.405190 0.000000 0.427258 0.000000 0.904130 1.000000 1.000000 1.000000
339.857147 0.000000 101.407532 0.000000 0.774883 0.000000 -0.632104 1.000000 1.000000 1.000000
356.035065 0.000000 108.855385 0.000000 0.916102 0.000000 0.400946 1.000000 1.000000 1.000000
358.208252 0.000000 108.447670 0.000000 0.913700 0.000000 0.406390 1.000000 1.000000 1.000000
356.035065 0.000000 112.753822 0.000000 0.866659 0.000000 0.498901 1.000000 1.000000 1.000000
357.698792 0.000000 110.493347 0.000000 0.663181 0.000000 0.748459 1.000000 1.000000 1.000000
356.157379 0.000000 111.071434 0.000000 0.496106 0.000000 -0.868262 1.000000 1.000000 1.000000
357.907074 0.000000 111.400574 0.000000 0.129552 0.000000 -0.991573 1.000000 1.000000 1.000000
357.698792 0.000000 114.391785 0.000000 0.774894 0.000000 -0.632092 1.000000 1.000000 1.000000
359.933502 0.000000 112.753822 0.000000 0.462527 0.000000 0.886605 1.000000 1.000000 1.000000
358.747681 0.000000 110.122513 0.000000 0.220003 0.000000 0.975499 1.000000 1.000000 1.000000
358.776550 0.000000 111.776901 0.000000 0.841589 0.000000 0.540119 1.000000 1.000000 1.000000
358.747681 0.000000 114.020950 0.000000 0.999948 0.000000 0.010158 1.000000 1.000000 1.000000
375.527252 0.000000 93.261635 0.000000 0.999151 0.000000 0.041204 1.000000 1.000000 1.000000
374.341431 0.000000 94.528763 0.000000 0.943431 0.000000 0.331570 1.000000 1.000000 1.000000
"}
object={
	name="tree_cypress_01_generator_1_2"
	clamp_to_water_level=no
	render_under_water=no
	generated_content=yes
	layer="tree_high_layer"
	pdxmesh="tree_cypress_01_c_mesh"
	count=63
	transform="172.808502 0.000000 120.550697 0.000000 0.188458 0.000000 -0.982081 1.000000 1.000000 1.000000
188.402252 0.000000 120.550697 0.000000 0.755880 0.000000 0.654710 1.000000 1.000000 1.000000
190.478760 0.000000 120.897377 0.000000 0.099075 0.000000 0.995080 1.000000 1.000000 1.000000
161.113190 0.000000 128.347565 0.000000 0.342143 0.000000 -0.939648 1.000000 1.000000 1.000000
174.885010 0.000000 124.795815 0.000000 0.196114 0.000000 0.980581 1.000000 1.000000 1.000000
177.157608 0.000000 125.217186 0.000000 0.997749 0.000000 0.067054 1.000000 1.000000 1.000000
200.097565 0.000000 136.144440 0.000000 0.836026 0.000000 -0.548690 1.000000 1.000000 1.000000
196.649796 0.000000 136.912506 0.000000 0.274170 0.000000 0.961681 1.000000 1.000000 1.000000
200.548233 0.000000 136.912506 0.000000 0.842383 0.000000 -0.538880 1.000000 1.000000 1.000000
199.513412 0.000000 136.493469 0.000000 0.550575 0.000000 -0.834786 1.000000 1.000000 1.000000
205.659744 0.000000 126.087097 0.000000 0.618263 0.000000 -0.785971 1.000000 1.000000 1.000000
204.985336 0.000000 127.547714 0.000000 0.940949 0.000000 -0.338548 1.000000 1.000000 1.000000
207.310287 0.000000 124.798157 0.000000 0.336872 0.000000 0.941551 1.000000 1.000000 1.000000
205.659744 0.000000 129.985535 0.000000 0.895186 0.000000 0.445693 1.000000 1.000000 1.000000
202.810181 0.000000 137.411575 0.000000 0.905908 0.000000 0.423475 1.000000 1.000000 1.000000
190.065994 0.000000 145.579285 0.000000 0.793616 0.000000 -0.608418 1.000000 1.000000 1.000000
193.964432 0.000000 145.579285 0.000000 0.926217 0.000000 -0.376990 1.000000 1.000000 1.000000
200.097565 0.000000 143.941315 0.000000 0.553273 0.000000 0.833000 1.000000 1.000000 1.000000
200.219879 0.000000 142.258926 0.000000 0.977216 0.000000 -0.212247 1.000000 1.000000 1.000000
198.275635 0.000000 144.287994 0.000000 0.985919 0.000000 0.167222 1.000000 1.000000 1.000000
201.761307 0.000000 145.579285 0.000000 0.570451 0.000000 0.821332 1.000000 1.000000 1.000000
194.377197 0.000000 148.186432 0.000000 0.711147 0.000000 0.703044 1.000000 1.000000 1.000000
193.964432 0.000000 153.376160 0.000000 0.999618 0.000000 0.027642 1.000000 1.000000 1.000000
196.321442 0.000000 150.055801 0.000000 0.152394 0.000000 -0.988320 1.000000 1.000000 1.000000
198.911743 0.000000 153.005325 0.000000 0.964414 0.000000 0.264395 1.000000 1.000000 1.000000
198.940613 0.000000 154.659714 0.000000 0.356063 0.000000 0.934462 1.000000 1.000000 1.000000
203.996002 0.000000 147.839752 0.000000 0.827938 0.000000 0.560820 1.000000 1.000000 1.000000
209.970947 0.000000 144.287994 0.000000 0.913213 0.000000 0.407482 1.000000 1.000000 1.000000
212.782211 0.000000 143.141464 0.000000 0.276989 0.000000 0.960873 1.000000 1.000000 1.000000
205.659744 0.000000 149.477722 0.000000 0.996264 0.000000 -0.086354 1.000000 1.000000 1.000000
206.072510 0.000000 148.186432 0.000000 0.976296 0.000000 -0.216440 1.000000 1.000000 1.000000
195.042175 0.000000 158.558151 0.000000 0.987798 0.000000 0.155739 1.000000 1.000000 1.000000
201.761307 0.000000 157.274597 0.000000 0.991375 0.000000 0.131057 1.000000 1.000000 1.000000
197.862869 0.000000 161.173035 0.000000 0.911286 0.000000 -0.411773 1.000000 1.000000 1.000000
207.894440 0.000000 163.433502 0.000000 0.928575 0.000000 0.371145 1.000000 1.000000 1.000000
206.708618 0.000000 164.700638 0.000000 0.849509 0.000000 0.527574 1.000000 1.000000 1.000000
320.949127 0.000000 54.277256 0.000000 0.478118 0.000000 0.878295 1.000000 1.000000 1.000000
323.122314 0.000000 53.869545 0.000000 0.980270 0.000000 -0.197664 1.000000 1.000000 1.000000
321.071442 0.000000 56.493305 0.000000 0.350200 0.000000 -0.936675 1.000000 1.000000 1.000000
336.542877 0.000000 62.074131 0.000000 0.986143 0.000000 0.165899 1.000000 1.000000 1.000000
358.208252 0.000000 53.869545 0.000000 0.980880 0.000000 0.194613 1.000000 1.000000 1.000000
359.933502 0.000000 50.378819 0.000000 0.033440 0.000000 0.999441 1.000000 1.000000 1.000000
362.106689 0.000000 49.971107 0.000000 0.880770 0.000000 -0.473544 1.000000 1.000000 1.000000
360.384155 0.000000 51.146873 0.000000 0.430111 0.000000 0.902776 1.000000 1.000000 1.000000
358.747681 0.000000 55.544388 0.000000 0.985327 0.000000 -0.170676 1.000000 1.000000 1.000000
317.173004 0.000000 72.087059 0.000000 0.981438 0.000000 0.191780 1.000000 1.000000 1.000000
334.817627 0.000000 85.057045 0.000000 0.593002 0.000000 0.805201 1.000000 1.000000 1.000000
332.644440 0.000000 89.363197 0.000000 0.957914 0.000000 -0.287054 1.000000 1.000000 1.000000
334.720947 0.000000 85.811440 0.000000 0.793888 0.000000 0.608064 1.000000 1.000000 1.000000
356.035065 0.000000 65.972572 0.000000 0.485821 0.000000 0.874058 1.000000 1.000000 1.000000
348.360504 0.000000 72.087059 0.000000 0.779227 0.000000 -0.626741 1.000000 1.000000 1.000000
352.136627 0.000000 73.769447 0.000000 0.579845 0.000000 0.814727 1.000000 1.000000 1.000000
359.933502 0.000000 65.972572 0.000000 0.986325 0.000000 -0.164814 1.000000 1.000000 1.000000
358.747681 0.000000 82.833450 0.000000 0.916619 0.000000 -0.399762 1.000000 1.000000 1.000000
367.730377 0.000000 89.363197 0.000000 0.037652 0.000000 0.999291 1.000000 1.000000 1.000000
370.471863 0.000000 88.386276 0.000000 0.949480 0.000000 -0.313829 1.000000 1.000000 1.000000
373.802002 0.000000 92.853920 0.000000 0.016084 0.000000 0.999871 1.000000 1.000000 1.000000
338.414886 0.000000 99.705261 0.000000 0.999959 0.000000 -0.009012 1.000000 1.000000 1.000000
339.255493 0.000000 98.427200 0.000000 0.999694 0.000000 0.024736 1.000000 1.000000 1.000000
359.933502 0.000000 108.855385 0.000000 0.218420 0.000000 -0.975855 1.000000 1.000000 1.000000
358.111572 0.000000 109.202065 0.000000 0.844957 0.000000 0.534834 1.000000 1.000000 1.000000
356.485718 0.000000 117.420311 0.000000 0.723585 0.000000 0.690235 1.000000 1.000000 1.000000
360.055817 0.000000 111.071434 0.000000 0.039234 0.000000 0.999230 1.000000 1.000000 1.000000
"}
