object={
	name="tree_pine_01_b_generator_1_0"
	clamp_to_water_level=no
	render_under_water=no
	generated_content=yes
	layer="tree_high_layer"
	pdxmesh="tree_pine_01_b_mesh"
	count=68
	transform="239.081940 0.000000 171.230377 0.000000 0.783011 0.000000 -0.622008 0.400000 0.400000 0.400000
239.081940 0.000000 175.128815 0.000000 0.514209 0.000000 -0.857665 0.400000 0.400000 0.400000
242.980377 0.000000 175.128815 0.000000 0.620786 0.000000 -0.783980 0.400000 0.400000 0.400000
242.980377 0.000000 179.027252 0.000000 0.861424 0.000000 -0.507887 0.400000 0.400000 0.400000
258.574127 0.000000 182.925690 0.000000 0.876905 0.000000 -0.480664 0.400000 0.400000 0.400000
266.371002 0.000000 190.722565 0.000000 0.631174 0.000000 0.775642 0.400000 0.400000 0.400000
153.316315 0.000000 362.253815 0.000000 0.569327 0.000000 0.822111 0.400000 0.400000 0.400000
149.417877 0.000000 366.152252 0.000000 0.699241 0.000000 -0.714886 0.400000 0.400000 0.400000
153.316315 0.000000 366.152252 0.000000 0.191831 0.000000 -0.981428 0.400000 0.400000 0.400000
161.113190 0.000000 358.355377 0.000000 0.648521 0.000000 -0.761196 0.400000 0.400000 0.400000
165.011627 0.000000 354.456940 0.000000 0.675662 0.000000 -0.737212 0.400000 0.400000 0.400000
168.910065 0.000000 354.456940 0.000000 0.862389 0.000000 -0.506247 0.400000 0.400000 0.400000
165.011627 0.000000 358.355377 0.000000 0.878863 0.000000 0.477075 0.400000 0.400000 0.400000
176.706940 0.000000 346.660065 0.000000 0.742614 0.000000 -0.669720 0.400000 0.400000 0.400000
172.808502 0.000000 350.558502 0.000000 0.001556 0.000000 0.999999 0.400000 0.400000 0.400000
176.706940 0.000000 350.558502 0.000000 0.871703 0.000000 0.490035 0.400000 0.400000 0.400000
180.605377 0.000000 346.660065 0.000000 0.779293 0.000000 -0.626660 0.400000 0.400000 0.400000
184.503815 0.000000 346.660065 0.000000 0.548786 0.000000 -0.835963 0.400000 0.400000 0.400000
172.808502 0.000000 354.456940 0.000000 0.904823 0.000000 0.425788 0.400000 0.400000 0.400000
184.503815 0.000000 354.456940 0.000000 0.996523 0.000000 -0.083319 0.400000 0.400000 0.400000
161.113190 0.000000 362.253815 0.000000 0.070645 0.000000 0.997501 0.400000 0.400000 0.400000
157.214752 0.000000 366.152252 0.000000 0.966111 0.000000 -0.258127 0.400000 0.400000 0.400000
161.113190 0.000000 366.152252 0.000000 0.901941 0.000000 -0.431860 0.400000 0.400000 0.400000
157.214752 0.000000 370.050690 0.000000 0.091968 0.000000 0.995762 0.400000 0.400000 0.400000
161.113190 0.000000 370.050690 0.000000 0.336079 0.000000 -0.941834 0.400000 0.400000 0.400000
157.214752 0.000000 373.949127 0.000000 0.994051 0.000000 -0.108916 0.400000 0.400000 0.400000
161.113190 0.000000 373.949127 0.000000 0.333456 0.000000 -0.942766 0.400000 0.400000 0.400000
176.706940 0.000000 370.050690 0.000000 0.144567 0.000000 0.989495 0.400000 0.400000 0.400000
172.808502 0.000000 373.949127 0.000000 0.366364 0.000000 0.930472 0.400000 0.400000 0.400000
176.706940 0.000000 373.949127 0.000000 0.935971 0.000000 -0.352077 0.400000 0.400000 0.400000
215.691315 0.000000 334.964752 0.000000 0.682017 0.000000 0.731336 0.400000 0.400000 0.400000
215.691315 0.000000 338.863190 0.000000 0.999892 0.000000 -0.014667 0.400000 0.400000 0.400000
231.285065 0.000000 338.863190 0.000000 0.729440 0.000000 0.684045 0.400000 0.400000 0.400000
227.386627 0.000000 342.761627 0.000000 0.859664 0.000000 -0.510860 0.400000 0.400000 0.400000
231.285065 0.000000 342.761627 0.000000 0.430921 0.000000 -0.902390 0.400000 0.400000 0.400000
235.183502 0.000000 338.863190 0.000000 0.248804 0.000000 0.968554 0.400000 0.400000 0.400000
188.402252 0.000000 346.660065 0.000000 0.259331 0.000000 0.965788 0.400000 0.400000 0.400000
188.402252 0.000000 358.355377 0.000000 0.995570 0.000000 -0.094024 0.400000 0.400000 0.400000
192.300690 0.000000 362.253815 0.000000 0.930085 0.000000 0.367343 0.400000 0.400000 0.400000
157.214752 0.000000 377.847565 0.000000 0.811580 0.000000 -0.584241 0.400000 0.400000 0.400000
278.066315 0.000000 307.675690 0.000000 0.602441 0.000000 -0.798164 0.400000 0.400000 0.400000
274.167877 0.000000 311.574127 0.000000 0.998980 0.000000 -0.045158 0.400000 0.400000 0.400000
278.066315 0.000000 311.574127 0.000000 0.956330 0.000000 -0.292290 0.400000 0.400000 0.400000
285.863190 0.000000 303.777252 0.000000 0.890613 0.000000 -0.454761 0.400000 0.400000 0.400000
281.964752 0.000000 307.675690 0.000000 0.729639 0.000000 0.683833 0.400000 0.400000 0.400000
285.863190 0.000000 307.675690 0.000000 0.004624 0.000000 0.999989 0.400000 0.400000 0.400000
281.964752 0.000000 311.574127 0.000000 0.140347 0.000000 0.990102 0.400000 0.400000 0.400000
289.761627 0.000000 307.675690 0.000000 0.880681 0.000000 -0.473709 0.400000 0.400000 0.400000
289.761627 0.000000 311.574127 0.000000 0.930725 0.000000 0.365721 0.400000 0.400000 0.400000
254.675690 0.000000 327.167877 0.000000 0.660907 0.000000 0.750468 0.400000 0.400000 0.400000
258.574127 0.000000 327.167877 0.000000 0.709696 0.000000 0.704508 0.400000 0.400000 0.400000
270.269440 0.000000 315.472565 0.000000 0.907150 0.000000 -0.420808 0.400000 0.400000 0.400000
266.371002 0.000000 319.371002 0.000000 0.513942 0.000000 0.857825 0.400000 0.400000 0.400000
270.269440 0.000000 319.371002 0.000000 0.525187 0.000000 0.850987 0.400000 0.400000 0.400000
274.167877 0.000000 315.472565 0.000000 0.988029 0.000000 0.154268 0.400000 0.400000 0.400000
274.167877 0.000000 319.371002 0.000000 0.744430 0.000000 0.667700 0.400000 0.400000 0.400000
258.574127 0.000000 331.066315 0.000000 0.092943 0.000000 -0.995671 0.400000 0.400000 0.400000
262.472565 0.000000 331.066315 0.000000 0.376921 0.000000 0.926245 0.400000 0.400000 0.400000
258.574127 0.000000 334.964752 0.000000 0.683749 0.000000 -0.729717 0.400000 0.400000 0.400000
254.675690 0.000000 338.863190 0.000000 0.092721 0.000000 -0.995692 0.400000 0.400000 0.400000
278.066315 0.000000 334.964752 0.000000 0.198537 0.000000 0.980093 0.400000 0.400000 0.400000
281.964752 0.000000 334.964752 0.000000 0.976366 0.000000 0.216121 0.400000 0.400000 0.400000
289.761627 0.000000 334.964752 0.000000 0.576493 0.000000 0.817102 0.400000 0.400000 0.400000
281.964752 0.000000 338.863190 0.000000 0.741897 0.000000 0.670514 0.400000 0.400000 0.400000
285.863190 0.000000 338.863190 0.000000 0.999755 0.000000 -0.022150 0.400000 0.400000 0.400000
289.761627 0.000000 338.863190 0.000000 0.708130 0.000000 -0.706082 0.400000 0.400000 0.400000
297.558502 0.000000 331.066315 0.000000 0.104448 0.000000 0.994530 0.400000 0.400000 0.400000
297.558502 0.000000 334.964752 0.000000 0.850690 0.000000 -0.525667 0.400000 0.400000 0.400000
"}
